1000
126462941 201263400
66087597 664874225
813331441 486209681
986991316 127710476
845897023 443512104
222598930 759468801
521607861 413525623
95556818 437667603
466115990 971622725
372825347 195210003
850970456 515497686
845656202 637549228
513181465 402292906
999295984 982827204
25934672 262027250
617273473 77227372
755289669 31732729
340358889 475412932
906922070 273515673
72050789 213664170
717481306 853840416
954329145 922393974
322726697 722231493
264971730 473251575
283507537 518578502
319412806 803582593
211021511 360722461
47878279 143080774
573864642 483864168
381613747 992279510
939752854 616058475
542803139 581103727
39652541 347508759
166691795 144994303
46230555 85181547
810511666 412241351
892639340 527784735
799375724 171904518
935069383 475574302
949902145 428209377
124178149 608028792
559150659 98088420
96454056 697459094
560584635 504970188
866823671 105415469
335577185 886172731
357242605 809889388
687808857 217082978
661114491 795033884
450141513 865693548
706432900 551850986
764676106 159734919
530373701 438241080
584724527 945440533
254388253 57012789
492253445 954702437
664166100 465577047
301114642 70471374
918698691 619895902
506098633 40027734
393030737 53892987
314198275 860462290
340185534 712917380
987444015 327651303
843794537 181116432
16276186 352275185
956588781 610131151
194285418 856907289
315125630 927601030
234459139 630336394
253212629 192424861
40939017 44650238
523775506 162123937
533424605 244262154
426534473 181676363
734627593 473512807
204072730 667189172
54508321 675440249
124786553 734762351
436802054 168661336
406407120 704779797
686326464 574407171
804762481 715250992
884716240 684005947
677494257 457840721
752240452 205373034
814817395 296052224
961550062 381361711
818994132 18603700
373786442 287007102
528470293 58466141
483859305 166801864
618512621 459455784
90947965 193361297
41948127 848748651
507025101 158798809
499122228 128658046
233332030 702262980
53231440 289903389
960699287 75442234
709451450 525405340
686919806 135031344
99727357 123498701
853775003 670050664
536248035 39658051
158254631 211907942
787768492 936960942
317999446 828499025
762526847 928480785
113304936 83428422
439519623 280400956
811479789 935499526
302502617 802176622
641605674 440040619
428979128 777950818
299032948 486234480
667206116 985409250
848596911 530348203
293174945 942249062
809812223 447553951
283829688 450867007
297388801 578533005
813175149 819989868
315508698 442316416
295355270 557619088
630658940 952934668
95638972 149472011
296537731 909328446
445056932 757495647
796037389 986147385
815548169 21248839
135933255 131693305
441055550 123896726
564135470 574590039
499308254 105440767
190317477 601146543
882526913 911999481
644814513 174893378
581709416 263837312
720584590 965086291
480453480 634366708
532276151 993979428
461661778 609567657
517057591 527275561
565785397 354384630
851025340 361370808
421753642 882809866
110185187 871595433
513543918 441066370
399960841 5255329
706242866 705524810
637646406 794681183
37063921 284896661
590295541 67626237
987896675 220144139
260355235 70170232
402862136 406833014
644893533 929702939
12260448 339897631
160464036 756118342
51989148 730603039
221253589 482251610
140273686 261914710
773521297 316716562
836152308 503159834
305461275 769167192
419975175 686394362
319566716 423394187
292378123 210809330
956742109 407120804
868087474 242718676
818458123 737718896
770226265 329310334
59923925 946060148
904927058 138566886
956096713 578831233
903330582 512390010
781257453 260418752
404020570 174405216
873795315 522626940
787214337 870306892
452431173 536594965
756660458 366054819
207698876 363166687
134745194 836858094
657791194 17864024
289953540 826802007
14841849 197082246
608020449 986893466
338947196 544062270
225211392 906696505
690840397 922032777
181393627 471746767
556204363 978210972
843639714 45326567
351811742 647663766
280487383 556026611
649698153 960729594
825625477 890604050
795319603 966624907
885595330 880956822
764129829 708073992
413898596 226486859
279888168 457085943
147145426 707398138
736933372 248038801
448420549 784257872
184363679 789229973
313834236 838518933
548837852 328670089
263869142 965065657
362971037 437482478
79951579 854329164
529387025 231213900
739594943 686405939
898612090 961577406
307760970 455236878
364471841 572467314
791500452 969066778
291735127 742902340
593015516 58872580
554363056 32683230
191527623 651608239
807810603 774775096
636894813 467562371
35709841 879035736
456293349 45347037
675490519 814797119
205835704 832825152
677586515 248130205
503639842 10624328
85955631 813652001
718402364 168368187
725983636 36773862
224722034 401670163
514169750 622923443
656216585 53438207
944887989 968603556
662245156 520152312
170137878 147140739
44732055 603024610
823001301 386096225
907863915 123403608
635784789 414821874
82034818 469868948
931274148 329782145
303219996 251949158
115412204 302052949
738117764 808712056
913889914 723609497
554575004 488443978
687375430 454733629
409132242 115531697
374859515 56000636
635298595 5699741
952476517 680975635
129894479 951179350
675639577 572829371
886137028 804942040
639229794 223505714
830061542 62182933
807473272 741333785
713551019 207072880
249664652 418365498
467325369 53965835
114311160 821150950
659642594 988627820
930011704 80396468
35960019 891678222
744704873 291542787
478485512 157053439
197496574 315774893
103686673 445885814
29727232 352178765
498386333 473689796
492933742 217266419
881271314 461393362
395538696 168899835
143455569 421772885
215393510 737528947
745471499 382855551
39841176 483104442
828037402 327717093
996121203 745389415
232809854 61739554
234066099 256621399
463571859 225409753
998914300 119327723
693475880 710930135
340511517 226930123
720188597 669300196
365584012 382799418
854518175 477063749
966598931 263722560
759535856 58826311
869564636 172761566
604364616 979893616
512564288 204930461
694790051 212841007
8046111 548454221
204179450 442179687
328042186 87440135
876611759 9183329
835094517 481174226
728967153 904434320
505719024 518057823
249832695 27210100
339645813 799573297
15657484 532704359
601069741 917447551
143345186 483624362
668758203 660662291
969420161 171737121
668972800 349860740
175583399 418544717
555809273 899577658
765743146 769475796
334294042 527500397
322643300 203886082
26845927 95373308
47466902 873363859
907558806 727711710
370479952 215418827
522677537 75644931
140324302 219978216
315653238 385550008
712920894 905999616
823805926 303795086
866992256 451449303
945467189 615249524
133188440 188763438
833220828 48547974
888662102 573988751
421057504 284663314
661653366 621770815
512234749 346587249
574523649 835837258
154852014 62195189
285633851 454146605
566055475 353449828
789471595 109070195
576248845 286698813
141417394 295471247
551932869 766866959
970451109 167890014
24964078 660010879
183612546 555401497
879912499 884375921
128958823 337492579
421800519 110338694
410629342 161181816
324371373 968763983
2630440 391936439
79730651 79944099
379616489 751381949
872518327 886446387
381978434 30982219
950782699 855166530
876980709 563169998
464982328 566022212
132662297 363986777
205693726 542737077
524813351 700153860
108500569 587253090
558122705 88648207
321725392 474104083
770110827 480644077
388502339 257216084
859079376 952163283
811603881 88965844
760691740 713473241
981207566 974272715
79992704 20130563
252630904 185843433
96579451 957931652
25539097 677251690
752606524 187130783
848089415 641899617
847146840 659654209
93116807 544315399
381283234 545914385
887559347 963106852
63054241 847367682
580010226 606481039
716727135 204968689
584879578 837075251
478062067 211644793
225086031 915060160
790233252 798009998
151783614 929244462
670354824 174786619
289284630 232063725
614486138 166813184
549819385 250315288
3628639 479012173
684878201 472984136
809151868 72091194
827781620 880860410
124749667 253470793
735341059 410483858
104901752 756154352
895963928 227847952
566860354 762242556
306019 414007474
610950463 903211254
864285162 384701545
150114966 747857170
858589224 775883317
871868840 531636162
985443728 741322130
729304272 825032001
288975057 230287949
126366934 384674779
191260316 944898617
799072008 51394923
257824473 590485340
103485359 843789107
724010446 494819511
749543037 268924042
990564923 632749552
957632648 987941824
44814491 560673709
740740353 446929939
540867617 826454978
896307932 894489141
131599212 255589619
277480651 16545432
736659713 600584598
802417541 606210282
72059270 673151791
487906594 579596212
995640554 379220488
534603024 194083142
628611610 420963071
830049176 194471367
151317400 581442562
532310402 678296165
288382595 514640024
450709921 490403482
967875370 676252991
22910327 808302501
72110167 163311612
439481758 127596732
278361500 416426830
256900108 889245794
181025805 390029823
77942083 491754997
928369839 971153927
513348615 184792133
817282514 55867270
683038858 65824111
843936689 37090461
944645747 964920956
492219505 500719463
342700900 157989305
6212771 221770640
3127081 691926196
651184729 821002476
392556520 110192158
374005797 616418332
37016462 160169554
804554306 204577364
342444113 869265263
744424987 800210498
210466067 724723898
395600458 924093814
782667640 50427114
278373223 401607915
140465560 375753548
288571050 93680957
513766689 801875986
865029981 415078326
423166590 767232941
310384738 157085730
966569557 256569195
294476964 537224140
146839002 437339987
526729307 23195020
329012895 254465655
697576712 17391354
942711341 620413972
3436003 116163315
774614264 242576069
93658855 252375271
994737155 663679348
6977488 103093403
389485393 603312104
868402975 454517819
690748753 672713330
150430547 846673995
615675093 517107004
352754647 612802440
701449058 458595779
663301549 649708797
275789912 115418438
252347217 62203703
130493917 762798895
565288499 41545032
843570890 542349552
891478595 172318252
321801351 967622168
555310823 202252391
603743590 478776933
785742499 694448483
252782720 733464554
327546772 643705277
473240301 103259168
603768006 670161285
317510715 246876110
74805072 744842404
419094343 713936068
186908633 14868947
454294293 503962271
557071667 28451732
972164890 693482528
949282969 670018477
558192734 543914124
516695277 759396484
512217794 312507821
351429787 684523555
235221976 502350907
96083546 704707033
358589667 424038003
590181616 725586304
966520968 963564409
563146164 333678499
951335233 579207409
575047174 579751828
587959383 13383071
417861926 686839120
803001442 680238180
179565205 429434447
516800793 410974808
955165219 778024298
787712304 210867398
800189170 773365978
761493905 316829128
472504357 367122862
765546077 453138875
365577053 853460011
461669377 948401800
225899500 550739173
151815219 835460021
149214358 711249678
679780468 780007361
922509591 946906182
685878330 537616093
44749140 885931401
215734527 512543788
607472787 703128120
796716181 657015013
432400858 426659153
621163781 717769181
523528186 801737612
762262022 44369416
473078478 25207684
619336647 541672059
128163498 402761417
492788157 165992177
658184984 10490347
396315152 75266618
19789143 67556169
801252079 247225955
98514481 158628001
528726307 207209034
581148842 23847805
460538337 304620504
981911178 305173303
131005487 875162837
123459412 316991222
826171437 539526309
61746461 732930577
491350131 783643125
208332637 539760795
900995695 930496116
158654664 543411518
870677342 370220233
712250342 606363660
315364753 628349517
831790128 407599078
324920199 877179065
444841808 370478060
942418394 458019521
954376774 659039982
545716393 532890539
220903118 261557605
96731136 940360116
854500312 812757463
555235253 907474027
763370787 656340844
967645538 317461367
571858385 310226389
897141309 983094305
801175630 719854626
811868631 206059164
384653300 611157964
982285750 789809230
154240839 532026752
27684266 781815865
404225966 162717018
127609617 309284480
435804610 665540059
215267980 979343101
848784272 24091757
918936960 29881477
940136066 204385773
270461369 503085592
409736741 63670917
404959103 309037595
641183933 789983775
228478589 265616781
746782126 738289908
399575386 128270724
98259460 181607716
592233944 220455319
62921490 248742110
800433769 495978403
301968602 867328146
420516349 885805190
468251337 257158561
808603085 379347812
614066090 80606470
212753963 748484159
242402751 20315096
733681148 50583
778591693 276695446
85990406 996224967
560385023 895422879
770484998 561716167
11323109 479836318
181362318 341450553
104454188 541476246
622011456 118611665
62468451 97172594
580416378 360618356
169251152 13580006
345535938 768471937
392330872 356407718
645383108 685085918
362586185 184238447
887725983 99686973
399321377 335672306
779893951 489157757
101657762 742854590
608420143 52159507
531277901 273194158
922050257 38360307
231665443 970329950
242065379 160071086
530274136 274065090
642632102 651887426
536061157 895409819
96065668 593601912
720057784 437495426
627930192 361207960
940006489 673571428
829989079 891012024
467352406 980819423
928982022 324896215
404215259 497492056
264415830 288810569
310917961 54911290
789267911 178146961
265214632 173561596
888694640 969115444
373033597 516955430
892326317 36083446
797501326 928631358
11472286 822650034
856450576 547827283
392125824 528478679
845381774 203054948
515345548 671047593
330371793 784564641
788328813 647252731
844921095 571539200
756885147 62266345
503765343 647163031
133280281 322710876
285654218 87279375
160570944 818065154
73580795 64030609
391732697 727566631
859618923 206002611
708556357 779047309
847064584 285106802
545442551 654481467
352879684 235929159
116365852 226782291
846492026 617256815
850397565 330718641
391776116 215104232
296648533 147511587
386294052 646407477
931155651 804555337
475764267 934072489
898588125 560277664
438818254 328294215
833629949 751509157
144432765 946950380
272684215 887598157
755536093 401291896
914301033 586377790
288596929 686609033
942495589 368036165
842640615 762909306
867906804 618966427
488627872 946994164
298600079 231670735
604738869 387231999
749351762 497634837
701024129 615622131
722746445 184215294
696275586 106739099
736157529 139595698
246412408 405486304
431476118 310674242
516927367 500170311
159740599 47768598
220900082 621699104
954791293 500594813
870505945 203679218
766670624 760503981
536467995 236340705
319545912 421730598
709982099 185294045
363420019 727331372
239219602 992609239
722209311 150771309
52141450 990150424
255265943 613534462
443049755 908174865
489937177 655630425
806794808 453206043
496382384 196333413
894634806 697021188
755351922 382062296
540518166 472851166
748000462 608235520
180084459 506630456
655815099 895842859
931981493 877742490
129125567 682067249
433281464 751736938
923983947 679700747
419678590 418651182
762652428 594456049
869451324 704556513
888514132 772546646
629063219 621129028
286395034 49136572
559095010 405676061
791054275 171586825
408949864 377997076
772605653 319181430
899051156 681732859
773680094 345468404
852344247 357985540
860007746 211409221
584242199 518129525
20787623 368302531
216733051 103322312
809744455 631072632
515074884 265948299
183223438 236991904
621349032 888244193
649298647 793942712
341094619 631258711
67865004 463064506
4520240 56874794
820859879 536462990
71039764 415783383
607525002 435536382
953484298 497706485
168290250 453050231
61568724 725382892
349526918 394089508
240978614 199305679
936280328 513967585
10252692 994517864
136944898 589926727
701997247 509352753
294986903 750481777
61314243 708981334
348057983 780644295
611043730 839025104
17321979 147897102
526130489 323168877
914650716 210922680
524730129 315504364
850924128 269923544
387525988 419142511
290387652 32241761
942124452 986401372
11127904 49210418
633240667 389251878
605386573 223105595
70368243 724755238
648693881 352559187
326844228 176319976
774703285 998839874
777016729 640012354
249181966 918308872
337030589 788373857
676328586 270695832
252124413 72527794
467862638 460286871
710660033 10316872
64313083 324702430
756539913 795089415
896188327 749229138
456784087 118964261
658061377 387057412
577610140 610941345
539950260 908947932
833781080 654487845
460465366 28449405
280152270 718751622
535368153 176035024
984155133 736933027
637384001 177743994
193769112 445018615
695544321 681034329
22039121 269669778
564749583 475656399
224411384 61116279
313838740 998097814
208764014 17384753
573359787 283719425
135327960 677271811
679211808 995888901
930416688 70901575
103476134 864780556
641831219 516329855
386257246 499558049
503073266 955660047
48246045 460820338
647609829 977822756
674952765 865824079
137995299 895846124
279107971 412771513
514248295 993020269
819534747 477135348
942158896 533010199
922471372 764295798
346031733 26876453
889250321 760632005
286954658 852254766
231057335 70531989
773557377 700237289
902966619 377047752
718144760 814402099
810340073 688794827
788308043 207412524
406220658 326003249
748856096 106663299
11930165 387715517
479708163 142805103
699372426 719987600
432721482 292360198
344347041 769531222
212750498 400990771
487022874 151296419
895094337 219840561
856522709 944023497
888893295 760828237
830485282 937089827
475206689 504166791
730248248 580383084
975992294 409644600
607177999 854791022
383392284 410432222
387438696 667072160
176561720 57582759
338690531 421537417
862315901 467782015
7557023 116615776
238270101 627067084
550638869 352221712
348423790 563101573
965900993 474415877
909591999 909024452
60935638 114818529
495291303 922745439
560925323 534919023
360718923 779368784
3355513 856593190
348293508 429479496
223025112 758846599
229594116 474771308
630164347 972013232
410598228 234991024
355802840 785782149
245803668 140497974
832146864 155697156
580998683 314876655
715259265 268985784
562787642 590921713
442202608 527992753
857307533 582114731
387193254 597798145
757660947 257269869
930727333 374343194
301652474 357671794
123767124 506994873
819503327 280336517
233775312 726756408
773365124 821588781
741999660 332317533
237456111 430367855
695963787 229477754
276248443 658517059
551969257 313395708
53232902 49649609
104781330 101534263
210097039 707236473
233381544 845104222
757638925 155848451
282974287 555010785
715888869 507847972
614542531 601423440
669321540 923586948
297606274 182055660
323413324 280298073
649700046 809458981
948069215 605058614
682150332 426731753
828621237 203151460
947813615 280744718
28135366 86860980
379816797 417080910
477158476 926205174
892486032 526587192
231373825 89525743
543245361 738454401
500435443 119507530
776306173 732589945
830064592 924309339
118103645 567000041
482825618 63394568
915409064 47037798
955407624 353108376
579916378 750975855
769667328 506671715
78340946 899589622
516703103 827718306
254404507 725623939
787665376 115563664
495122667 733470087
285332523 456662866
606263290 665498172
566930804 12687193
213081247 176456211
917074226 308687635
46796016 757783847
675634040 800093804
119361018 611252540
974041427 387722972
857533583 88081605
20496511 997946443
739415544 80577737
238304153 71071345
376717816 200729689
204128821 301215307
829040791 288775702
418802360 384975583
819129345 707840378
730743577 130979082
411777214 872473229
321609774 377101088
713295696 42306687
18839228 503728304
887564442 635910661
142931001 359416547
792347321 804596094
711164521 754762166
746299760 333855956
104181796 818164407
711492316 127308861
315462204 144219516
209063046 626764388
137080978 738919431
823204005 482117363
555914346 632117534
854732498 240570895
153890697 689266736
295352886 948296626
82682643 848842292
556957858 559092520
184148732 274710593
32795239 565171040
333982197 777484351
570439072 205234749
981273612 541680968
787853782 307484349
31025200 846509331
261082448 712626085
997443887 29145841
362870111 72313642
440023997 830393590
