100
72772 64356
65762 21998
34133 42421
42407 78689
17679 70081
708 31412
99604 64664
46012 99276
95429 70789
67474 32534
64017 20373
20782 88024
91839 15201
10276 63540
4314 99418
40342 2826
82430 38666
51318 87600
16147 83861
46777 84087
16192 92614
50315 78921
46638 87134
88656 22588
54237 33523
30665 89731
50315 70081
78879 26841
51991 85071
91815 71101
92678 73540
6571 86883
51253 30539
83038 16970
86063 64149
32573 7933
2419 71863
11817 60579
42505 91267
91402 53886
35850 64158
96988 53224
86034 51094
391 24059
1258 30862
45713 94475
85917 1843
67969 4427
90055 34561
12420 87588
66915 14877
58566 91646
29078 58682
99271 47233
21390 3060
91027 71889
90433 38395
47052 52956
46461 83771
75402 31638
3459 20991
2452 21998
53839 31925
58097 92115
20471 79537
41238 58770
94913 45145
54565 4797
46461 60579
96535 7197
33211 70521
6145 58547
92491 71777
65360 43446
80514 3876
69761 6793
35711 85385
67604 25356
38079 73165
12571 93149
19000 55282
92328 7680
97841 42347
30081 20233
99990 50222
98527 54763
74366 11398
47865 25951
2452 97556
22346 71108
44780 86084
36426 18096
54565 38395
76746 34498
24479 96617
96102 33134
35514 14800
3459 83771
91010 6362
55292 84896
